ALCO1,2014,2015,2016
BAI,2008,2009,2010,2011,2012,2013
BMI,2008,2009,2010,2011,2012,2013,2014,2015,2016,2017
CENREG,2008,2009,2010,2011,2012,2013,2014,2015,2016,2017
COMB_MSAWTS,2008,2009,2010,2011,2012,2013,2014,2015,2016,2017
COMB_MSAWTSSH,2015,2016,2017
COMB_STATEWT,2008,2009,2010,2011,2012,2013,2014,2015,2016,2017
COMB_STATEWTS1Q,2014,2015,2016
COMB_STATEWTS3Q,2013,2014,2015,2016,2017
COMB_STATEWTSFH,2008,2009,2010,2011,2012,2013,2014,2015,2016
COMB_STATEWTSSH,2008,2009,2010,2011,2012,2013,2014,2015,2016,2017
COMB_WEIGHT,2008,2009,2010,2011,2012,2013,2014,2015,2016,2017
COMMUNITY,2014,2015,2016,2017
CONGDIST,2008,2009,2010,2011,2012,2013,2014,2015,2016,2017
D17A,2009,2010,2011,2012,2013,2014,2015,2016,2017
D23,2008,2009,2010,2011,2012,2013,2014,2015,2016,2017
D24,2008,2009,2010,2011,2012,2013,2014,2015,2016,2017
D25,2008,2009
D25A,2009,2010,2011,2012,2013,2014,2015,2016,2017
D26,2008,2009,2010,2011,2012,2013,2014,2015,2016,2017
D26A,2009,2010,2011,2012,2013,2014,2015,2016,2017
D2F,2008,2009,2010,2011,2012,2013,2014,2015,2016,2017
D2I,2008,2009,2010,2011,2012,2013,2014,2015,2016,2017
D3,2008,2009,2010,2011,2012,2013,2014,2015,2016,2017
D33,2009,2010,2012,2013,2014
D34,2009,2010,2012,2013,2014
D4,2008,2009,2010,2011,2012,2013,2014,2017
D40,2010,2011,2012,2013,2014,2015,2016,2017
D4_1,2014,2015,2016,2017
D5,2008,2009,2010,2011,2012,2013,2014,2015,2016,2017
D50A,2011,2012,2013
D50B,2011,2012,2013
D50C,2011,2012,2013
D50C_1,2011,2012,2013
D50D,2011,2012
D50E,2012,2013
D6,2008,2009,2010,2011
D63,2012,2013,2014,2015,2016,2017
D65,2013,2014,2015,2016,2017
D66,2013,2014,2015,2016,2017
D66_1,2015,2016
D66_2,2015,2016
D69_1,2013,2014,2015,2016,2017
D69_2,2013,2014,2015,2016,2017
D69_3,2013,2014,2015,2016,2017
D69_4,2013,2014,2015,2016,2017
D69_5,2013,2014,2015,2016,2017
D83,2013
D88,2015,2016,2017
D8B,2008,2009,2010,2011,2012,2013,2014,2015,2016,2017
D9,2008,2009,2010,2011,2012,2013,2014,2015,2016,2017
EDUCATION,2008,2009,2010,2011,2012,2013,2014,2015,2016,2017
EHI,2008,2009,2010,2011,2012,2013
EMPLOYMENT2010,2009,2010,2011,2012,2013,2014,2015,2016,2017
EXER1,2014,2015,2016
FINANCIAL,2014,2015,2016,2017
FIPS_CODE,2013,2014,2015,2016,2017
FORMCD,2009,2010,2011,2012,2013,2014,2015,2016,2017
FORMEFG,2009,2010,2011,2012,2013,2014,2015,2016,2017
FORMHI,2013
H11,2008,2009,2010,2011,2012,2013,2014,2015,2016,2017
H12A,2008,2009,2010,2011,2012,2013,2014,2015,2016,2017
H12B,2008,2009,2010,2011,2012,2013,2014,2015,2016,2017
H13,2008,2009,2010,2011,2012,2013,2014,2015,2016,2017
H14,2008,2009,2010,2011,2012,2013,2014,2015,2016,2017
H15,2008,2009,2010,2011,2012,2013
H15A,2013,2014,2015,2016,2017
H15B,2013
H16,2008,2009,2010,2011,2012,2013,2014,2015,2016,2017
H16_FLT,2013,2014,2015,2016,2017
H17,2008,2009,2010,2011,2012,2013,2014,2015,2016,2017
H3,2008,2009,2010,2011,2012,2013,2014,2015,2016,2017
H36,2008,2009,2010,2011,2012,2013,2014,2015,2016,2017
H41,2010,2011,2012,2013,2014,2015,2016,2017
H45,2013,2014,2015,2016,2017
H46,2013,2014,2015,2016
H47,2013,2014,2015,2016,2017
H48,2013,2014,2015,2016,2017
H48_T,2013,2014,2015,2016,2017
H4A,2008,2009,2010,2011,2012,2013,2014,2015,2016,2017
H4B,2008,2009,2010,2011,2012,2013,2014,2015,2016,2017
H4C,2008,2009,2010,2011,2012,2013,2014,2015,2016,2017
H4D,2008,2009,2010,2011,2012,2013,2014,2015,2016,2017
H4E,2008,2009,2010,2011,2012,2013,2014,2015,2016,2017
H4F,2008,2009,2010,2011,2012,2013,2014,2015,2016
H4G,2008,2009,2010,2011,2012,2013,2014,2015,2016,2017
H4_1A,2013,2014,2015,2016,2017
H4_1B,2013,2014,2015,2016,2017
H4_1D,2013,2014,2015,2016,2017
H4_1F,2013,2014,2015,2016
H4_1G,2013,2014,2015,2016,2017
H5,2008,2009,2010,2011,2012,2013,2014,2015,2016
H5A,2008,2009,2010,2011,2012,2013,2014,2015,2016
H6A,2008,2009,2010,2011,2012,2013
H6B,2008,2009,2010,2011,2012,2013
H6C,2008,2009,2010,2011,2012,2013
H7,2008,2009,2010,2011,2012,2013,2014,2015,2016,2017
HBI,2008,2009,2010,2011,2012,2013
HEIGHT,2008,2009,2010,2011,2012,2013,2014,2015,2016,2017
HISPANIC,2008,2009,2010,2011,2012,2013,2014,2015,2016,2017
HWB1,2013,2014,2015,2016,2017
HWB10,2013,2014,2015,2016,2017
HWB11,2013,2014,2015,2016,2017
HWB13,2014,2015,2016
HWB14,2014,2015,2016,2017
HWB15,2014,2015,2016,2017
HWB16,2014,2015,2016
HWB17,2014,2015,2016,2017
HWB18,2014,2015,2016
HWB19,2014,2015,2016,2017
HWB2,2013,2014,2015,2016,2017
HWB20,2014,2015,2016,2017
HWB21,2014,2015,2016
HWB22,2014,2015,2016,2017
HWB23,2014,2015,2016,2017
HWB3,2013,2014,2015,2016,2017
HWB4,2013,2014,2015,2016,2017
HWB5,2013,2014,2015,2016,2017
HWB6,2013,2014,2015,2016,2017
HWB7,2013,2014,2015,2016,2017
HWB8,2013,2014,2015,2016,2017
HWB9,2013,2014,2015,2016,2017
INCOME_SUMMARY,2008,2009,2010,2011,2012,2013,2014,2015,2016,2017
INT_DATE,2008,2009,2010,2011,2012,2013,2014,2015,2016,2017
M1,2008,2009,2010,2011,2012,2013,2014,2015,2016
M15,2008,2009,2010,2011,2012,2013
M16,2008,2009,2010,2011,2012,2013,2014,2015,2016,2017
M19,2008,2009,2010,2011,2012,2013,2014,2015,2016,2017
M20,2008,2009,2010,2011,2012,2013,2014,2015,2016,2017
M21,2008,2009,2010,2011,2012,2013,2014,2015,2016,2017
M22,2008,2009,2010,2011,2012,2013
M25A,2008,2009,2010,2011,2012,2013,2014,2015,2016,2017
M26,2008,2009,2010,2011,2012,2013
M27,2008,2009,2010,2011,2012,2013
M28,2008,2009,2010,2011,2012,2013,2014,2015,2016
M29,2008,2009,2010,2011,2012,2013
M30,2008,2009,2010,2011,2012,2013,2014,2015,2016,2017
M48,2008,2009,2010,2011,2012,2013
M8,2008,2009,2010,2011,2012,2013,2014,2015,2016
M9,2008,2009,2010,2011,2012,2013,2014,2015,2016,2017
M91,2009,2010,2011,2012,2013,2014,2015,2016,2017
M91_FLT,2011,2014,2015,2016,2017
M92,2009,2010,2011,2012,2013,2014,2015,2016,2017
M93,2009,2010,2011,2012,2013,2014,2015,2016,2017
M94,2009,2010,2011,2012,2013,2014,2015,2016,2017
M95,2009,2010,2011,2012,2013,2014,2015,2016,2017
M96,2009,2010,2011,2012,2013,2014,2015,2016,2017
M97,2009,2010,2011,2012,2013,2014,2015,2016,2017
M97A,2009,2010,2011,2012,2013,2014,2015,2016,2017
MONTH,2008,2009,2010,2011,2012,2013,2014,2015,2016,2017
MONTHLY_INCOME,2008,2009,2010,2011,2012,2013,2014,2015
MOTHERLODE_ID,2008,2009,2010,2011,2012,2013,2014,2015,2016,2017
MSACODE,2008,2009,2010,2011,2012,2013,2014,2015,2016,2017
MSANAME,2008,2009,2010,2011,2012,2013,2014,2015,2016,2017
OBESE,2008,2009,2010,2011,2012,2013,2014,2015,2016,2017
P1,2008,2009,2010,2011,2012,2013,2014,2015,2016,2017
P1167,2017
P1167F,2017
P128,2009,2010,2011,2012,2013,2014,2015,2016,2017
P2,2008,2009,2010,2011,2012,2013,2014,2015,2016,2017
P20,2008,2009,2010,2011,2012,2013,2014,2015,2016,2017
P8,2008,2009,2010,2011,2012,2013,2014,2015,2016,2017
P817,2013,2014
P818,2013,2014
P820,2013,2014
P837,2013,2014
P858_4,2014,2015,2016
P919A,2015,2016
P919B,2015
P919C,2015,2016
P919D,2015
P919E,2015
P919F,2015,2016
P919G,2015,2016
P919H,2015,2016
P919I,2015,2016
P919J,2015,2016
P919K,2015
P919L,2015
P919M,2015
P919N,2015,2016
P919O,2015
P919P,2015
P919Q,2015
P919R,2015
P919S,2015,2016
P919T,2015
P919U,2015,2016
P919V,2015
P919W,2015,2016
P919X,2015
PARTY,2008,2009,2010,2011,2012,2013,2014,2015,2016,2017
PARTYR,2008,2009,2010,2011,2012,2013,2014,2015,2016,2017
PARTYRR,2008,2009,2010,2011,2012,2013,2014,2015,2016,2017
PE_MSAWTS,2008,2009,2010,2011,2012,2013,2014,2015,2016,2017
PE_STATEWT,2008,2009,2010,2011,2012,2013,2014,2015,2016,2017
PE_STATEWTS1Q,2014,2015,2016,2017
PE_STATEWTS3Q,2013,2014,2015,2016,2017
PE_STATEWTSFH,2008,2009,2010,2011,2012,2013,2014,2015,2016,2017
PE_STATEWTSSH,2008,2009,2010,2011,2012,2013,2014,2015,2016,2017
PE_WEIGHT,2008,2009,2010,2011,2012,2013,2014,2015,2016,2017
PHI,2008,2009,2010,2011,2012,2013
PHYSICAL,2014,2015,2016,2017
PURPOSE,2014,2015,2016,2017
RACE,2008,2009,2010,2011,2012,2013,2014,2015,2016,2017
RACE_AMINDIAN,2013,2014,2015,2016,2017
RACE_ASIAN,2013,2014,2015,2016,2017
RACE_BLACK,2013,2014,2015,2016,2017
RACE_NTVHAWAIIAN,2013,2014,2015,2016,2017
RACE_WHITE,2013,2014,2015,2016,2017
RPTRGID,2013,2014,2015,2016,2017
SA,2008,2009,2010,2011,2012,2013,2014,2015,2016,2017
SB,2008,2009,2010,2011,2012,2013,2014,2015,2016,2017
SC7,2008,2009,2010,2011,2012,2013,2014,2015,2016,2017
SOCIAL,2014,2015,2016,2017
STATE_NAME,2008,2009,2010,2011,2012,2013,2014,2015,2016,2017
SUFFERING_PREDICTED,2008
SURVEY,2013,2014,2015,2016,2017
THRIVING,2008,2009,2010,2011,2012,2013
THRIVING_PREDICTED,2008
TOB1A,2014,2015,2016
TOB1B,2014,2015,2016
TOB1C,2014,2015,2016
TOB1D,2014,2015,2016
TOB1E,2014,2015,2016
UCLA1_1,2016
UCLA1_2,2016
UCLA1_3,2016
UCLA1_4,2016
UCLA1_5,2016
UCLA1_6,2016
UCLA2,2016
UCLA3A,2016,2017
UCLA3B,2016,2017
WB_MSAWTS,2008,2009,2010,2011,2012,2013,2014,2015,2016,2017
WB_STATEWT,2008,2009,2010,2011,2012,2013,2014,2015,2016,2017
WB_STATEWTS1Q,2014,2015,2016,2017
WB_STATEWTS3Q,2013,2014,2015,2016,2017
WB_STATEWTSFH,2008,2009,2010,2011,2012,2013,2014,2015,2016,2017
WB_STATEWTSSH,2008,2009,2010,2011,2012,2013,2014,2015,2016,2017
WB_WEIGHT,2008,2009,2010,2011,2012,2013,2014,2015,2016,2017
WEI,2008,2009,2010,2011,2012,2013
WEIGHT_GROUP,2008,2009,2010,2011,2012,2013,2014,2015,2016,2017
WELL_BEING_INDEX,2014,2015,2016,2017
WP10200,2009,2010,2011,2012,2013,2014,2015,2016,2017
WP10202,2009,2010,2011,2012,2013,2014,2015,2016,2017
WP10205,2009,2010,2011,2012,2013
WP10208,2009,2010,2011,2012,2013,2014,2015,2016,2017
WP10209,2009,2010,2011,2012,2013,2014,2015,2016,2017
WP10215,2009,2010,2011,2012,2013,2014,2015,2016,2017
WP10216,2009,2010,2011,2012,2013,2014,2015,2016,2017
WP10229,2009,2010,2011,2012,2013,2014,2015,2016,2017
WP10230,2009,2010,2011,2012,2013,2014,2015,2016,2017
WP10231,2009,2010,2011,2012,2013,2014,2015,2016
WP10983,2010,2011,2012,2013,2014,2015,2016
WP113,2008,2009,2010,2011,2012,2013
WP119,2008,2009,2010,2011,2012,2013,2014,2015,2016,2017
WP1220,2008,2009,2010,2011,2012,2013,2014,2015,2016,2017
WP1223,2008,2009,2010,2011,2012,2013,2014,2015,2016,2017
WP1225,2008,2009,2010,2011,2012,2013,2014,2015,2016,2017
WP1255,2008,2009,2010,2011,2012,2013,2014,2015,2016,2017
WP13124,2012,2013,2014,2015,2016,2017
WP148,2008,2009,2010,2011,2012,2013,2014,2015,2016,2017
WP16,2008,2009,2010,2011,2012,2013,2014,2015,2016,2017
WP16_PREDICTED,2008
WP18,2008,2009,2010,2011,2012,2013,2014,2015,2016,2017
WP18_PREDICTED,2008
WP23,2008,2009,2010,2011,2012,2013,2014,2015,2016,2017
WP30,2008,2009,2010,2011,2012,2013,2014,2015,2016,2017
WP31,2008,2009,2010,2011,2012,2013,2014,2015,2016,2017
WP40,2008,2009,2010,2011,2012,2013,2014,2015,2016,2017
WP43,2008,2009,2010,2011,2012,2013
WP46,2008,2009
WP51,2008,2009,2010,2011,2012,2013,2014,2015,2016,2017
WP58,2008,2009,2010,2011,2012,2013,2014,2015,2016
WP60,2008,2009,2010,2011,2012,2013
WP61,2008,2009,2010,2011,2012,2013
WP63,2008,2009,2010,2011,2012,2013,2014,2015,2016
WP65,2008,2009,2010,2011,2012,2013
WP67,2008,2009,2010,2011,2012,2013,2014,2015,2016,2017
WP68,2008,2009,2010,2011,2012,2013,2014,2015,2016,2017
WP6878,2008,2009,2010,2011,2012,2013,2014,2015,2016,2017
WP69,2008,2009,2010,2011,2012,2013,2014,2015,2016,2017
WP6906,2008,2009,2010,2011,2012,2013,2014,2015,2016
WP70,2008,2009,2010,2011,2012,2013,2014,2015,2016
WP71,2008,2009,2010,2011,2012,2013,2014,2015,2016,2017
WP74,2008,2009,2010,2011,2012,2013,2016,2017
WP83,2008,2009,2010,2011,2012,2013,2014,2015,2016
WP84,2008,2009,2010,2011,2012,2013
WP8859,2009
WP9081,2009,2010
YEAR,2008,2009,2010,2011,2012,2013,2014,2015,2016,2017
ZIPCENSUSDIVISION,2008,2009,2010,2011,2012,2013,2014,2015,2016,2017
ZIPCENSUSREGION,2008,2009,2010,2011,2012,2013,2014,2015,2016,2017
ZIPCODE,2008,2009,2010,2011,2012,2013,2014,2015,2016,2017
ZIPGALLUPREGION,2008,2009,2010,2011,2012,2013,2014,2015,2016,2017
ZIPSTATE,2008,2009,2010,2011,2012,2013,2014,2015,2016,2017
fips_code,2008,2009,2010,2011,2012
name,2008,2009,2010,2011,2012,2013,2014,2015,2016,2017
weights,2008,2009,2010,2011,2012
